version https://git-lfs.github.com/spec/v1
oid sha256:1d3ab9161df1ac643b19b69ab3d769e3d44a001725a4e0b67bb826aadb306526
size 897
